animal	day	protein	iga	percent
F003	0	79000	596.416	0.754956962
F003	1	171000	90.534	0.05294386
F003	2	190000	133.223	0.070117368
F003	3	328000	520.297	0.158627134
F003	4	249000	635.167	0.255087149
F003	5	138000	720.656	0.522214493
F003	6	188000	572.053	0.304283511
F003	7	216000	1167.636	0.540572222
F003	8	239000	1389.68	0.581456067
F003	9	240000	1205.719	0.502382917
F003	11	153000	2357.811	1.541052941
F003	13	172000	1917.147	1.114620349
F003	15	183000	4674.792	2.554531148
F003	17	277000	6580.858	2.375761011
F003	19	247000	7059.3	2.858016194
F003	21	328000	12955.753	3.949924695
F003	23	188000	12927.064	6.876097872
F003	25	198000	16391.099	8.278332828
F003	141	397000	98177.474	24.72984232
F003	142	279000	42602.644	15.26976487
F003	143	459000	80964.879	17.63940719
F003	144	657000	134462.218	20.46609102
F003	145	490000	101163.029	20.64551612
F003	146	628000	66290.245	10.5557715
F003	147	701000	139622.511	19.91761926
F003	148	409000	135456.148	33.11886259
F003	149	693000	93796.412	13.53483579
F003	150	665000	136452.881	20.51923023
F004	0	120000	1092.322	0.910268333
F004	1	174000	217.746	0.125141379
F004	2	143000	247.42	0.173020979
F004	3	166000	514.722	0.310073494
F004	4	249000	1168.976	0.469468273
F004	5	166000	853.005	0.513858434
F004	6	183000	1117.068	0.610419672
F004	7	143000	1087.084	0.760198601
F004	8	650000	1674.236	0.257574769
F004	9	458000	1765.739	0.385532533
F004	11	409000	5884.187	1.438676528
F004	13	409000	4539.336	1.109862103
F004	15	477000	5954.634	1.248350943
F004	17	850000	11972.856	1.408571294
F004	19	434000	8627.756	1.987962212
F004	21	310000	8441.167	2.722957097
F004	23	277000	5788.015	2.089536101
F004	25	353000	16436.895	4.656344193
F004	141	904000	65907.676	7.290672124
F004	142	1009000	71122.876	7.048847968
F004	143	666000	66073.014	9.920872973
F004	144	861000	70758.553	8.218182695
F004	145	657000	74290.813	11.30758189
F004	146	1508000	152138.166	10.0887378
F004	147	778000	114783.779	14.7536991
F004	148	608000	36713.393	6.038387007
F004	149	550000	38610.684	7.020124364
F004	150	607000	46156.256	7.603996046
F005	0	396000	3582.188	0.904592929
F005	1	139000	77.291	0.055605036
F005	2	595000	182.654	0.030698151
F005	3	129000	263.726	0.20443876
F005	4	300000	315	0.105
F005	5	392000	204.014	0.052044388
F005	6	450000	971.573	0.215905111
F005	7	591000	4332.289	0.733043824
F005	8	386000	4835.392	1.252692228
F005	9	358000	9537.665	2.664152235
F005	10	219000	19324.353	8.823905479
F005	11	310000	25403.786	8.194769677
F005	12	257000	45118.174	17.55570973
F005	13	1392000	35988.643	2.58539102
F005	14	468000	98320.176	21.00858462
F005	15	207000	44770.629	21.62832319
F005	16	526000	98473.587	18.72121426
F005	17	239000	105369.568	44.08768536
F005	18	688000	117882.379	17.13406672
F005	19	246000	60396.494	24.55142033
F005	20	539000	92148.833	17.09625844
F005	21	407000	77091.784	18.94147027
F005	22	433000	79019.804	18.24937737
F005	23	121000	44455.441	36.74003388
F005	24	412000	83825.144	20.34590874
F005	25	238000	54698.297	22.98247773
F005	141	406000	56032.792	13.8011803
F005	142	148000	65519.693	44.27006284
F005	143	192000	49776.497	25.92525885
F005	144	739000	50643.471	6.852973072
F005	145	1246000	72890.184	5.84993451
F005	146	371000	49106.485	13.23624933
F005	147	277000	57727.748	20.84034224
F005	148	528000	87008.766	16.47893295
F005	149	107000	33815.289	31.60307383
F005	150	770000	80306.638	10.42943351
F006	0	126000	1698.043	1.347653175
F006	1	150000	37.701	0.025134
F006	2	160000	165.377	0.103360625
F006	3	216000	223.873	0.103644907
F006	4	309000	1047.797	0.33909288
F006	5	245000	1051.211	0.429065714
F006	6	93000	3906.619	4.200665591
F006	7	82000	5508.318	6.717460976
F006	8	261000	13967.594	5.351568582
F006	9	192000	13076.475	6.810664063
F006	10	373000	20902.417	5.603865147
F006	11	240000	26589.045	11.07876875
F006	12	503000	59071.035	11.74374453
F006	13	405000	79474.329	19.62329111
F006	14	354000	47852.729	13.51772006
F006	15	329000	70089.016	21.30365228
F006	16	677000	94678.875	13.98506278
F006	17	473000	89191.611	18.85657738
F006	18	801000	109088.807	13.61907703
F006	19	657000	93793.643	14.27604916
F006	20	608000	91238.825	15.00638569
F006	21	174000	19226.283	11.04958793
F006	22	538000	86603.812	16.09736283
F006	23	389000	75978.004	19.53162057
F006	24	468000	89419.031	19.10663056
F006	25	263000	52403.626	19.92533308
F006	141	414000	28858.458	6.970642029
F006	142	530000	42413.165	8.002483962
F006	143	442000	46409.081	10.49979208
F006	144	643000	84042.186	13.07032442
F006	145	1154000	83440.513	7.230547054
F006	146	536000	70143.955	13.08655877
F006	147	458000	50689.121	11.06749367
F006	148	338000	36618.32	10.83382249
F006	149	423000	36116.691	8.538224823
F006	150	1960000	79663.155	4.064446684
F007	0	675500	3373.475	0.499404145
F007	1	88000	41.269	0.046896591
F007	2	157000	26.845	0.017098726
F007	3	409666.6667	1084.1685	0.264646501
F007	4	117000	105.701	0.090342735
F007	5	123000	182.768	0.14859187
F007	6	780500	7102.34	0.909973094
F007	7	95000	741.856	0.780901053
F007	8	773000	1962.735	0.253911384
F007	9	3719666.667	10726.88033	0.288382839
F007	10	219000	17264.597	7.883377626
F007	11	161000	15094.142	9.375243478
F007	12	170000	28355.963	16.67997824
F007	13	365000	36431.976	9.981363288
F007	14	309000	29961.647	9.69632589
F007	15	97000	17266.849	17.80087526
F007	16	660000	113545.841	17.2039153
F007	17	157000	27591.903	17.57446051
F007	18	411000	74675.323	18.16917835
F007	19	397000	46024.488	11.59307003
F007	20	377000	82801.15	21.96316976
F007	21	216000	28533.193	13.20981157
F007	22	634000	145813.255	22.99893612
F007	23	289000	66061.084	22.85850657
F007	24	575000	151995.37	26.43397739
F007	25	144000	19182.432	13.32113333
F007	141	1830000	141753.077	7.746069781
F007	142	372000	91012.377	24.46569274
F007	143	370000	68939.609	18.63232676
F007	144	1425000	70717.671	4.962643579
F007	145	3507000	58830.12	1.67750556
F007	146	394000	53499.328	13.57850964
F007	147	1549333.333	142068.7103	9.16966719
F007	148	307000	138774.679	45.2034785
F007	149	390000	56054.058	14.37283538
F007	150	2102333.333	125482.4033	5.968720628
F008	0	109000	3022.358	2.772805505
F008	1	118000	31.335	0.026555085
F008	2	80000	90.54	0.113175
F008	3	218000	235.528	0.108040367
F008	4	107000	149.677	0.139885047
F008	5	218000	164.422	0.075422936
F008	6	129000	423.22	0.328077519
F008	7	162000	1111.713	0.686242593
F008	8	423000	4000.214	0.945677069
F008	9	158000	5472.22	3.46343038
F008	10	347000	25200.28	7.26232853
F008	11	119000	28326.568	23.80383866
F008	12	238000	28519.001	11.98277353
F008	13	211000	43915.419	20.81299479
F008	14	358000	48074.462	13.42862067
F008	15	319000	28382.974	8.897484013
F008	16	157000	68538.896	43.65534777
F008	17	256000	48447.206	18.92468984
F008	18	405000	82759.114	20.43434914
F008	19	297000	84211.877	28.35416734
F008	20	464000	99105.393	21.35892091
F008	21	350000	43225.484	12.35013829
F008	22	554000	117006.704	21.12034368
F008	23	271000	84883.397	31.32228672
F008	24	429000	99289.623	23.14443427
F008	25	79000	39044.87	49.42388608
F008	141	602000	97531.188	16.20119402
F008	142	159000	81187.49	51.06131447
F008	143	615000	38800.935	6.309095122
F008	144	2319000	85374.233	3.681510694
F008	145	1317000	43721.192	3.319756416
F008	146	366000	68698.532	18.77009071
F008	147	373000	76260.77	20.44524665
F008	148	335000	42567.83	12.70681493
F008	149	448000	56678.748	12.65150625
F008	150	340000	52212.089	15.35649676
M001	0	129000	1035.594	0.802786047
M001	1	119000	113.607	0.095468067
M001	2	115000	460.151	0.400131304
M001	3	363000	290.958	0.080153719
M001	4	110000	434.399	0.394908182
M001	5	49000	371.21	0.757571429
M001	6	54000	266.34	0.493222222
M001	7	75000	1072.054	1.429405333
M001	8	230000	1888.257	0.820981304
M001	9	457000	2987.939	0.653815974
M001	10	306000	5797.116	1.894482353
M001	11	96000	13709.442	14.28066875
M001	12	323000	37668.399	11.66204303
M001	13	294000	26411.589	8.983533673
M001	14	1417000	110796.815	7.819111856
M001	15	63000	40387.224	64.10670476
M001	16	520000	96906.109	18.63579019
M001	17	314000	98250.397	31.28993535
M001	19	194000	53030.927	27.33552938
M001	21	165000	72907.68	44.18647273
M001	23	108000	43832.859	40.58598056
M001	25	32000	57621.68	180.06775
M001	141	355000	75678.761	21.31796085
M001	142	193000	61266.489	31.74429482
M001	143	157000	84782.804	54.00178599
M001	144	194000	61281.048	31.58816907
M001	145	257000	91366.158	35.55103424
M001	146	190000	75566.722	39.77195895
M001	147	204000	109651.077	53.75052794
M001	148	157000	88429.412	56.32446624
M001	149	412000	78579.312	19.07264854
M001	150	226000	83002.357	36.72670664
M002	0	0	1335.807	NA
M002	1	113000	1235.107	1.093015044
M002	2	42000	304.884	0.725914286
M002	3	81000	1938.112	2.392730864
M002	4	119000	2375.244	1.996003361
M002	5	57000	2737.032	4.801810526
M002	6	99000	2081.861	2.102889899
M002	7	59000	4040.1	6.847627119
M002	8	165000	5569.052	3.37518303
M002	9	248000	5997.137	2.418200403
M002	11	56000	5422.52	9.683071429
M002	13	80000	12304.148	15.380185
M002	15	130000	31196.241	23.99710846
M002	17	195000	34274.983	17.57691436
M002	19	541000	51608.709	9.539502588
M002	21	82000	25230.468	30.76886341
M002	23	77000	61731.561	80.17085844
M002	25	164000	104206.952	63.54082439
M002	141	217000	103428.609	47.66295346
M002	142	92000	58295.683	63.36487283
M002	143	532000	64513.519	12.12660132
M002	144	219000	33023.145	15.07906164
M002	145	467000	75379.461	16.14121221
M002	146	501000	62907.063	12.5563
M002	147	463000	51783.688	11.18438186
M002	148	287000	57072.691	19.88595505
M002	149	436000	58303.182	13.37228945
M002	150	403000	54550.849	13.53619082
M003	0	139000	2377.172	1.710195683
M003	1	180000	27.519	0.015288333
M003	2	132000	120.392	0.091206061
M003	3	285000	477.433	0.167520351
M003	4	204000	1562.677	0.766018137
M003	5	360000	1120.118	0.311143889
M003	6	175000	2149.633	1.228361714
M003	7	237000	5584.677	2.356403797
M003	8	425000	13079.385	3.077502353
M003	9	256000	13231.019	5.168366797
M003	10	NA	8559.235	NA
M003	11	267000	41394.664	15.50361948
M003	12	371000	13239.924	3.568712668
M003	13	315000	70013.058	22.22636762
M003	14	207000	24317.916	11.74778551
M003	15	492000	41369.6	8.408455285
M003	16	418000	57873.915	13.84543421
M003	17	172000	63529.545	36.93578198
M003	18	511000	53036.963	10.37905342
M003	19	169000	28959.191	17.13561598
M003	20	242000	29998.617	12.39612273
M003	21	268000	45505.871	16.97980261
M003	22	475000	39136.035	8.239165263
M003	23	254000	47576.204	18.73078898
M003	24	431000	40139.282	9.313058469
M003	25	164000	26402.267	16.09894329
M003	141	316000	55956.785	17.70784335
M003	142	158000	44336.654	28.06117342
M003	143	215000	63958.271	29.74803302
M003	144	198000	44312.538	22.3800697
M003	145	197000	51368.814	26.0755401
M003	146	202000	44275.124	21.91837822
M003	147	349000	54492.672	15.61394613
M003	148	252000	47304.47	18.77161508
M003	149	690000	105620.704	15.30734841
M003	150	255000	70111.921	27.49487098
M004	0	225000	2735.428	1.215745778
M004	1	387000	264.146	0.06825478
M004	2	532000	356.406	0.066993609
M004	3	442000	579.142	0.131027602
M004	4	706000	1774.749	0.251380878
M004	5	1211000	968.793	0.079999422
M004	6	382000	1922.984	0.503398953
M004	7	420000	5815.427	1.384625476
M004	8	904000	11030.91	1.220233407
M004	9	703000	17807.604	2.53308734
M004	10	906000	35216.561	3.887037638
M004	11	1287000	68956.655	5.357937451
M004	12	319000	17425.871	5.462655486
M004	13	645000	41042.185	6.363129457
M004	14	442000	26867.031	6.078513801
M004	15	980000	49204.776	5.02089551
M004	16	532000	67323.944	12.65487669
M004	17	296000	83349.005	28.15844764
M004	18	425000	40866.606	9.615672
M004	19	425000	93539.578	22.00931247
M004	20	263000	48861.84	18.57864639
M004	21	1005000	75608.696	7.523253333
M004	22	445000	52068.8	11.70085393
M004	23	551000	75763.796	13.75023521
M004	24	579000	47845.419	8.263457513
M004	25	722000	125615.8	17.39831025
M004	141	764000	59468.003	7.783770026
M004	142	466000	93642.783	20.09501781
M004	143	497000	51309.063	10.32375513
M004	144	674000	60352.77	8.954416914
M004	145	574000	65945.483	11.4887601
M004	146	717000	104754.189	14.6100682
M004	147	452000	75880.687	16.78776261
M004	148	1417000	91684.433	6.470319901
M004	149	539000	89297.237	16.56720538
M004	150	734000	95819.317	13.05440286
M005	0	109000	1714.786	1.573198165
M005	1	113000	116.239	0.102866372
M005	2	192000	127.127	0.066211979
M005	3	170000	287.905	0.169355882
M005	4	165000	233.923	0.141771515
M005	5	90000	192.696	0.214106667
M005	6	135000	273.012	0.202231111
M005	7	174000	1216.863	0.699346552
M005	8	279000	2030.8	0.727885305
M005	9	104000	3855.617	3.707324038
M005	10	362000	10795.072	2.982064088
M005	11	142000	22400.154	15.77475634
M005	12	368000	22236.731	6.042589946
M005	13	310000	49884.885	16.09189839
M005	14	288000	22382.396	7.771665278
M005	15	239000	23601.644	9.875164854
M005	16	333000	52122.824	15.6524997
M005	17	99000	32785.866	33.11703636
M005	18	398000	63366.27	15.92117337
M005	19	162000	44762.093	27.6309216
M005	20	862000	104652.261	12.14063353
M005	21	343000	52980.105	15.44609475
M005	22	532000	54040.839	10.15805244
M005	23	217000	70042.952	32.27785806
M005	24	702000	89919.824	12.80909174
M005	25	181000	29838.274	16.48523425
M005	141	311000	60730.43	19.52746945
M005	142	247000	49915.113	20.20854777
M005	143	918000	44522.165	4.849909041
M005	144	15974000	49884.561	0.312285971
M005	145	274000	40720.233	14.86139891
M005	146	338000	37821.533	11.18980266
M005	147	156000	40849.675	26.1856891
M005	148	16712000	31613.88	0.189168741
M005	149	248000	36475.485	14.70785685
M005	150	220000	29398.729	13.36305864
M006	0	77000	1890.901	2.455715584
M006	1	17000	0	0
M006	2	71000	38.897	0.054784507
M006	3	66000	260.627	0.394889394
M006	4	180000	406.403	0.225779444
M006	5	167000	479.113	0.286894012
M006	6	196000	729.575	0.372232143
M006	7	40000	2610.053	6.5251325
M006	8	585000	6349.722	1.085422564
M006	9	111000	4890.216	4.4056
M006	10	437000	31831.651	7.284130664
M006	11	893000	37317.33	4.17887234
M006	12	624000	41240.411	6.609040224
M006	13	158000	31289.198	19.80328987
M006	14	386000	34157.457	8.849082124
M006	15	189000	17298.736	9.15277037
M006	16	467000	39694.71	8.499937901
M006	17	158000	38135.091	24.13613354
M006	18	518000	115529.43	22.30297876
M006	19	139000	28957.62	20.83282014
M006	20	382000	71077.673	18.60672068
M006	21	254000	57769.406	22.74386063
M006	22	564000	124520.981	22.07818812
M006	23	270000	55694.762	20.62768963
M006	24	557000	106433.34	19.10831957
M006	25	126000	35554.982	28.21823968
M006	141	155000	45418.455	29.30222903
M006	142	312000	69814.375	22.37640224
M006	143	276000	85036.465	30.81031341
M006	144	941000	76341.775	8.11283475
M006	145	480000	53409.188	11.12691417
M006	146	1022000	79775.519	7.805823777
M006	147	486000	42678.157	8.781513786
M006	148	417000	36218.87	8.685580336
M006	149	376000	32096.509	8.536305585
M006	150	510000	70022.316	13.72986588